1740
26961 32768
26961 32353
26961 31938
26961 31523
26961 31108
26961 30694
26961 30279
26961 29864
26961 29449
26961 29034
26961 28620
21983 28205
23642 28205
24887 28205
26131 28205
26961 28205
28205 28205
28620 28205
29034 28205
29864 28205
30694 28205
31523 28205
31938 28205
32353 28205
21983 27790
22398 27790
23227 27790
23642 27790
24472 27790
25301 27790
26131 27790
26961 27790
28620 27790
29864 27790
30279 27790
30694 27790
31523 27790
21983 27375
22813 27375
23642 27375
24472 27375
25301 27375
26131 27375
26546 27375
26961 27375
28620 27375
29864 27375
30279 27375
30694 27375
31523 27375
31938 27375
21983 26961
23642 26961
24472 26961
24887 26961
25301 26961
26546 26961
28620 26961
29864 26961
30694 26961
31523 26961
414 26546
829 26546
1244 26546
1659 26546
2073 26546
13273 26546
14517 26546
15347 26546
21983 26546
23642 26546
24472 26546
25301 26546
26546 26546
28620 26546
29864 26546
30694 26546
31523 26546
31938 26546
32353 26546
414 26131
829 26131
2488 26131
2903 26131
12028 26131
12443 26131
13687 26131
14102 26131
14517 26131
14932 26131
15347 26131
15761 26131
16176 26131
16591 26131
17835 26131
26546 26131
29864 26131
414 25716
1244 25716
1659 25716
2903 25716
3318 25716
3733 25716
12443 25716
12858 25716
13273 25716
14102 25716
14517 25716
14932 25716
15347 25716
15761 25716
17006 25716
17420 25716
17835 25716
24057 25716
24472 25716
24887 25716
25716 25716
26131 25716
26546 25716
27790 25716
28205 25716
29864 25716
30279 25716
31523 25716
31938 25716
32353 25716
1659 25301
2073 25301
3318 25301
3733 25301
4147 25301
11199 25301
12858 25301
13273 25301
13687 25301
18250 25301
19080 25301
19909 25301
20324 25301
20739 25301
24057 25301
25716 25301
26961 25301
27790 25301
28620 25301
29449 25301
30694 25301
31523 25301
2073 24887
3733 24887
4147 24887
4562 24887
7466 24887
7880 24887
8295 24887
11613 24887
12028 24887
12443 24887
14517 24887
14932 24887
15347 24887
15761 24887
16176 24887
16591 24887
17006 24887
17420 24887
18665 24887
19080 24887
19494 24887
19909 24887
20324 24887
20739 24887
21154 24887
24057 24887
24472 24887
24887 24887
25301 24887
25716 24887
26961 24887
27790 24887
28205 24887
29449 24887
31523 24887
31938 24887
2488 24472
4147 24472
4562 24472
4977 24472
7051 24472
7880 24472
8710 24472
9125 24472
10369 24472
10784 24472
11613 24472
12028 24472
13273 24472
13687 24472
14102 24472
14517 24472
14932 24472
15347 24472
15761 24472
16176 24472
17835 24472
20324 24472
20739 24472
21154 24472
21568 24472
24057 24472
25716 24472
26961 24472
27790 24472
28620 24472
29449 24472
30694 24472
31523 24472
2488 24057
4562 24057
4977 24057
5392 24057
7051 24057
7880 24057
8710 24057
9540 24057
9954 24057
10369 24057
11199 24057
12858 24057
13273 24057
13687 24057
14102 24057
14517 24057
14932 24057
15347 24057
15761 24057
18665 24057
19080 24057
20739 24057
21154 24057
21568 24057
21983 24057
22398 24057
22813 24057
24057 24057
26131 24057
26546 24057
26961 24057
27790 24057
28620 24057
29864 24057
30279 24057
31523 24057
31938 24057
32353 24057
2488 23642
4977 23642
5392 23642
5806 23642
7466 23642
7880 23642
8710 23642
9125 23642
9954 23642
10369 23642
10784 23642
12028 23642
12443 23642
12858 23642
13273 23642
14517 23642
14932 23642
15347 23642
17835 23642
18250 23642
18665 23642
19080 23642
19494 23642
19909 23642
21568 23642
21983 23642
22398 23642
22813 23642
24057 23642
2488 23227
2903 23227
4147 23227
5392 23227
5806 23227
6221 23227
6636 23227
7880 23227
8295 23227
9125 23227
11613 23227
12028 23227
12443 23227
12858 23227
14102 23227
14517 23227
14932 23227
17420 23227
17835 23227
18250 23227
18665 23227
19080 23227
22398 23227
24057 23227
28205 23227
28620 23227
29864 23227
30279 23227
30694 23227
2488 22813
2903 22813
5806 22813
6221 22813
6636 22813
7051 22813
7466 22813
8295 22813
8710 22813
9540 22813
10369 22813
10784 22813
11199 22813
11613 22813
12028 22813
12443 22813
13687 22813
14102 22813
14517 22813
17006 22813
17420 22813
17835 22813
18250 22813
22398 22813
22813 22813
23227 22813
23642 22813
24057 22813
28205 22813
29034 22813
29864 22813
2903 22398
6221 22398
6636 22398
7051 22398
7466 22398
7880 22398
9954 22398
10369 22398
12028 22398
13273 22398
14102 22398
14932 22398
16591 22398
17006 22398
17420 22398
19909 22398
20324 22398
20739 22398
21154 22398
21568 22398
23227 22398
28205 22398
28620 22398
29864 22398
30279 22398
2903 21983
4977 21983
5392 21983
6636 21983
7051 21983
7880 21983
8295 21983
9125 21983
9540 21983
9954 21983
10369 21983
10784 21983
11199 21983
12858 21983
13273 21983
14932 21983
15347 21983
16591 21983
17006 21983
18665 21983
19080 21983
19494 21983
19909 21983
23227 21983
23642 21983
28205 21983
29034 21983
29864 21983
2903 21568
3318 21568
4562 21568
4977 21568
6636 21568
7051 21568
8295 21568
8710 21568
9125 21568
9540 21568
9954 21568
10369 21568
10784 21568
11199 21568
11613 21568
12858 21568
13273 21568
13687 21568
14102 21568
14517 21568
16176 21568
16591 21568
18250 21568
18665 21568
19080 21568
19494 21568
23642 21568
28205 21568
28620 21568
29864 21568
30279 21568
30694 21568
2903 21154
3318 21154
7051 21154
7466 21154
8710 21154
9125 21154
9540 21154
9954 21154
10369 21154
10784 21154
11199 21154
11613 21154
12443 21154
12858 21154
13273 21154
13687 21154
14102 21154
15347 21154
17835 21154
21568 21154
23642 21154
24057 21154
2903 20739
3318 20739
7466 20739
8295 20739
8710 20739
11199 20739
12443 20739
12858 20739
13273 20739
14932 20739
15347 20739
15761 20739
16176 20739
17420 20739
18665 20739
19080 20739
19494 20739
19909 20739
20324 20739
20739 20739
21154 20739
21568 20739
21983 20739
24057 20739
26546 20739
27375 20739
28205 20739
29034 20739
29864 20739
30279 20739
30694 20739
31523 20739
32353 20739
2903 20324
3318 20324
3733 20324
5392 20324
7466 20324
9540 20324
9954 20324
12443 20324
12858 20324
14517 20324
14932 20324
15347 20324
15761 20324
16176 20324
17835 20324
18250 20324
18665 20324
19080 20324
19494 20324
19909 20324
20324 20324
21568 20324
21983 20324
22398 20324
24057 20324
24472 20324
26546 20324
27375 20324
28205 20324
29034 20324
30279 20324
31523 20324
32353 20324
3318 19909
3733 19909
5392 19909
5806 19909
6221 19909
6636 19909
8710 19909
9125 19909
9540 19909
9954 19909
10369 19909
12443 19909
14102 19909
14517 19909
14932 19909
15347 19909
15761 19909
17835 19909
18250 19909
18665 19909
19080 19909
19494 19909
19909 19909
20739 19909
21154 19909
22398 19909
24472 19909
24887 19909
26546 19909
27375 19909
28205 19909
29034 19909
30279 19909
31523 19909
31938 19909
32353 19909
3318 19494
3733 19494
4147 19494
5806 19494
6221 19494
6636 19494
7051 19494
7466 19494
7880 19494
8295 19494
8710 19494
9125 19494
9540 19494
9954 19494
10784 19494
13687 19494
14102 19494
14517 19494
14932 19494
16591 19494
17006 19494
17420 19494
17835 19494
18250 19494
18665 19494
19080 19494
21154 19494
21568 19494
24887 19494
26961 19494
27790 19494
29034 19494
30279 19494
31523 19494
32353 19494
3733 19080
4147 19080
4562 19080
7051 19080
7466 19080
7880 19080
10369 19080
11199 19080
13687 19080
14102 19080
14517 19080
15761 19080
16176 19080
16591 19080
17006 19080
17420 19080
17835 19080
18250 19080
18665 19080
21568 19080
24887 19080
25301 19080
26961 19080
27790 19080
29034 19080
30279 19080
31523 19080
32353 19080
4147 18665
4562 18665
4977 18665
5392 18665
5806 18665
6221 18665
7051 18665
8295 18665
11613 18665
14102 18665
15347 18665
15761 18665
16591 18665
17006 18665
17420 18665
17835 18665
18250 18665
18665 18665
21983 18665
25301 18665
4977 18250
5392 18250
6636 18250
7051 18250
7466 18250
8295 18250
9954 18250
12028 18250
12443 18250
14932 18250
15347 18250
16591 18250
17006 18250
17420 18250
17835 18250
18250 18250
24057 18250
24472 18250
25301 18250
25716 18250
27375 18250
28205 18250
29449 18250
29864 18250
31108 18250
32353 18250
4562 17835
6221 17835
6636 17835
7051 17835
7466 17835
7880 17835
9125 17835
9540 17835
9954 17835
10369 17835
12028 17835
12443 17835
12858 17835
14932 17835
17420 17835
17835 17835
22813 17835
23227 17835
23642 17835
25716 17835
26131 17835
27375 17835
28205 17835
29034 17835
30279 17835
31108 17835
32353 17835
4977 17420
5806 17420
6221 17420
6636 17420
7051 17420
7880 17420
8295 17420
10784 17420
12028 17420
12443 17420
12858 17420
16176 17420
22398 17420
25301 17420
25716 17420
27790 17420
29034 17420
30279 17420
31108 17420
32353 17420
4977 17006
6221 17006
6636 17006
7051 17006
7466 17006
8710 17006
9125 17006
12028 17006
12443 17006
12858 17006
15347 17006
15761 17006
16176 17006
16591 17006
17006 17006
17420 17006
21983 17006
25301 17006
27790 17006
29034 17006
30279 17006
31108 17006
32353 17006
4562 16591
4977 16591
6636 16591
7051 16591
7466 16591
7880 16591
10369 16591
10784 16591
11199 16591
11613 16591
12028 16591
12443 16591
14932 16591
16591 16591
17006 16591
22813 16591
24887 16591
25301 16591
25716 16591
27790 16591
29449 16591
29864 16591
31523 16591
31938 16591
4977 16176
7051 16176
7466 16176
7880 16176
8295 16176
8710 16176
9125 16176
11613 16176
12028 16176
14517 16176
15761 16176
22813 16176
23227 16176
23642 16176
24472 16176
24887 16176
4977 15761
7051 15761
7466 15761
7880 15761
9540 15761
9954 15761
10369 15761
15347 15761
23227 15761
23642 15761
24057 15761
24472 15761
4562 15347
4977 15347
5392 15347
7051 15347
8710 15347
9125 15347
9540 15347
9954 15347
10369 15347
10784 15347
14517 15347
15347 15347
17006 15347
23227 15347
23642 15347
24057 15347
24472 15347
24887 15347
3733 14932
4147 14932
4977 14932
5392 14932
6636 14932
8295 14932
8710 14932
9125 14932
9540 14932
9954 14932
10369 14932
10784 14932
11199 14932
14102 14932
14517 14932
14932 14932
15347 14932
15761 14932
16591 14932
17006 14932
23642 14932
24057 14932
24472 14932
24887 14932
25301 14932
4562 14517
4977 14517
5392 14517
6636 14517
7880 14517
8295 14517
8710 14517
9125 14517
9540 14517
9954 14517
10369 14517
10784 14517
11199 14517
11613 14517
12028 14517
14102 14517
14517 14517
14932 14517
15761 14517
16176 14517
16591 14517
17006 14517
17420 14517
22813 14517
23227 14517
23642 14517
24057 14517
24472 14517
24887 14517
25301 14517
25716 14517
26131 14517
4147 14102
4562 14102
4977 14102
5392 14102
6221 14102
7466 14102
7880 14102
8295 14102
8710 14102
9125 14102
9540 14102
9954 14102
10369 14102
10784 14102
11199 14102
11613 14102
12028 14102
12443 14102
12858 14102
13273 14102
14517 14102
14932 14102
15347 14102
18665 14102
24057 14102
24472 14102
24887 14102
25301 14102
25716 14102
26131 14102
26546 14102
26961 14102
27375 14102
27790 14102
28205 14102
28620 14102
29034 14102
29449 14102
29864 14102
4562 13687
4977 13687
5392 13687
7051 13687
7466 13687
8295 13687
8710 13687
9125 13687
9540 13687
9954 13687
10369 13687
10784 13687
11199 13687
11613 13687
12028 13687
12443 13687
12858 13687
13273 13687
13687 13687
14102 13687
14517 13687
15347 13687
15761 13687
16176 13687
16591 13687
19080 13687
23227 13687
23642 13687
24057 13687
25301 13687
25716 13687
26131 13687
26546 13687
26961 13687
27375 13687
27790 13687
28205 13687
28620 13687
29034 13687
29449 13687
29864 13687
30279 13687
30694 13687
31108 13687
6636 13273
7051 13273
9540 13273
9954 13273
10369 13273
10784 13273
11199 13273
11613 13273
12028 13273
12443 13273
12858 13273
13273 13273
13687 13273
14932 13273
19494 13273
21983 13273
22398 13273
22813 13273
23227 13273
29864 13273
30279 13273
30694 13273
31108 13273
31523 13273
4147 12858
4562 12858
4977 12858
5392 12858
6636 12858
7880 12858
8295 12858
8710 12858
9954 12858
10369 12858
10784 12858
11199 12858
12028 12858
12443 12858
12858 12858
14517 12858
14932 12858
15347 12858
18665 12858
19494 12858
19909 12858
21983 12858
31523 12858
31938 12858
32353 12858
2488 12443
2903 12443
3318 12443
3733 12443
4147 12443
4562 12443
4977 12443
5392 12443
5806 12443
6636 12443
7466 12443
7880 12443
9125 12443
9540 12443
10784 12443
11613 12443
12028 12443
14517 12443
14932 12443
15347 12443
15761 12443
16176 12443
16591 12443
17006 12443
17420 12443
17835 12443
18250 12443
18665 12443
19080 12443
21983 12443
31938 12443
32353 12443
32768 12443
0 12028
414 12028
829 12028
1659 12028
2073 12028
2488 12028
2903 12028
3318 12028
3733 12028
4147 12028
4562 12028
4977 12028
5806 12028
7466 12028
7880 12028
9540 12028
9954 12028
10369 12028
14932 12028
15761 12028
16176 12028
16591 12028
17006 12028
17420 12028
17835 12028
18250 12028
18665 12028
21983 12028
31523 12028
31938 12028
32353 12028
1244 11613
1659 11613
2073 11613
2488 11613
2903 11613
3318 11613
3733 11613
4147 11613
4562 11613
4977 11613
5806 11613
6221 11613
7880 11613
8295 11613
9954 11613
10369 11613
10784 11613
11199 11613
14932 11613
15347 11613
17006 11613
17420 11613
21983 11613
22398 11613
29449 11613
29864 11613
30279 11613
30694 11613
31108 11613
31523 11613
0 11199
414 11199
1659 11199
2073 11199
2488 11199
2903 11199
3318 11199
3733 11199
4147 11199
4562 11199
4977 11199
6221 11199
7880 11199
8710 11199
11199 11199
11613 11199
12028 11199
15347 11199
17006 11199
21154 11199
22398 11199
22813 11199
28205 11199
28620 11199
29034 11199
29449 11199
29864 11199
30279 11199
0 10784
414 10784
829 10784
2073 10784
2488 10784
2903 10784
3318 10784
3733 10784
4147 10784
4562 10784
4977 10784
5392 10784
6221 10784
7880 10784
8295 10784
9125 10784
12443 10784
12858 10784
14932 10784
21154 10784
22813 10784
23227 10784
26961 10784
27375 10784
27790 10784
28205 10784
28620 10784
29034 10784
829 10369
1244 10369
2073 10369
2488 10369
2903 10369
3318 10369
3733 10369
4147 10369
4562 10369
4977 10369
5392 10369
6636 10369
8295 10369
9540 10369
13273 10369
20739 10369
23227 10369
23642 10369
24057 10369
24472 10369
24887 10369
25301 10369
25716 10369
26131 10369
26546 10369
26961 10369
27375 10369
27790 10369
28205 10369
28620 10369
1244 9954
2488 9954
2903 9954
3318 9954
3733 9954
4147 9954
4562 9954
4977 9954
5392 9954
6636 9954
8295 9954
8710 9954
9954 9954
10369 9954
20739 9954
24057 9954
24472 9954
24887 9954
25301 9954
25716 9954
26131 9954
26546 9954
26961 9954
27375 9954
27790 9954
0 9540
1244 9540
1659 9540
2903 9540
3318 9540
3733 9540
4147 9540
4562 9540
4977 9540
5392 9540
6636 9540
8710 9540
20324 9540
22398 9540
25716 9540
26131 9540
26546 9540
0 9125
414 9125
1659 9125
2073 9125
3318 9125
3733 9125
4147 9125
4562 9125
4977 9125
5392 9125
5806 9125
6636 9125
9125 9125
19909 9125
21983 9125
22398 9125
22813 9125
23227 9125
23642 9125
24057 9125
24472 9125
24887 9125
25301 9125
25716 9125
0 8710
414 8710
2073 8710
2488 8710
3733 8710
4147 8710
4562 8710
4977 8710
5392 8710
5806 8710
7051 8710
9540 8710
9954 8710
10369 8710
19494 8710
21983 8710
22398 8710
22813 8710
23227 8710
23642 8710
24057 8710
24472 8710
24887 8710
25301 8710
25716 8710
26131 8710
0 8295
414 8295
829 8295
2488 8295
3733 8295
4147 8295
4562 8295
4977 8295
5392 8295
5806 8295
7051 8295
8710 8295
19080 8295
21568 8295
21983 8295
22398 8295
22813 8295
23227 8295
23642 8295
24057 8295
25301 8295
25716 8295
0 7880
414 7880
829 7880
2488 7880
4147 7880
4562 7880
4977 7880
5392 7880
5806 7880
7051 7880
9125 7880
18665 7880
21154 7880
21568 7880
21983 7880
22398 7880
22813 7880
23227 7880
23642 7880
24887 7880
25301 7880
0 7466
414 7466
829 7466
1244 7466
2488 7466
2903 7466
4147 7466
4562 7466
4977 7466
5392 7466
5806 7466
7466 7466
9125 7466
21154 7466
21983 7466
22398 7466
22813 7466
23227 7466
24472 7466
24887 7466
25301 7466
25716 7466
0 7051
414 7051
829 7051
1244 7051
2903 7051
4562 7051
4977 7051
5392 7051
5806 7051
6221 7051
7466 7051
9540 7051
20739 7051
21568 7051
21983 7051
22398 7051
22813 7051
24057 7051
24472 7051
24887 7051
25716 7051
26131 7051
414 6636
829 6636
1244 6636
1659 6636
2903 6636
3318 6636
4562 6636
4977 6636
5392 6636
5806 6636
6221 6636
7880 6636
20324 6636
21568 6636
21983 6636
22398 6636
22813 6636
24057 6636
24472 6636
25716 6636
26131 6636
829 6221
1244 6221
1659 6221
3318 6221
3733 6221
4977 6221
5392 6221
5806 6221
6221 6221
7880 6221
19909 6221
21154 6221
21568 6221
21983 6221
22398 6221
23642 6221
24057 6221
25716 6221
26131 6221
26546 6221
829 5806
1244 5806
1659 5806
2073 5806
3733 5806
4977 5806
5392 5806
5806 5806
6221 5806
7880 5806
19494 5806
20739 5806
21154 5806
21568 5806
21983 5806
23642 5806
24057 5806
25301 5806
25716 5806
26131 5806
26546 5806
829 5392
1244 5392
1659 5392
2073 5392
3733 5392
4147 5392
5392 5392
5806 5392
6221 5392
6636 5392
8295 5392
19080 5392
20739 5392
21154 5392
21568 5392
21983 5392
23227 5392
23642 5392
25301 5392
25716 5392
26131 5392
26546 5392
26961 5392
1244 4977
1659 4977
2073 4977
2488 4977
4147 4977
5392 4977
5806 4977
6221 4977
6636 4977
8295 4977
18665 4977
20324 4977
20739 4977
21154 4977
21568 4977
22813 4977
23227 4977
24887 4977
25301 4977
25716 4977
26131 4977
26546 4977
26961 4977
27375 4977
0 4562
1244 4562
1659 4562
2073 4562
2488 4562
4147 4562
4562 4562
5806 4562
6221 4562
6636 4562
8710 4562
18250 4562
20324 4562
20739 4562
21154 4562
21568 4562
22813 4562
24887 4562
25301 4562
26131 4562
26961 4562
27375 4562
27790 4562
0 4147
414 4147
1659 4147
2073 4147
2488 4147
4562 4147
6221 4147
6636 4147
7051 4147
8710 4147
17835 4147
19909 4147
20324 4147
20739 4147
21154 4147
22398 4147
22813 4147
24472 4147
24887 4147
25301 4147
26131 4147
26961 4147
27790 4147
414 3733
829 3733
2073 3733
2488 3733
2903 3733
4562 3733
4977 3733
6221 3733
6636 3733
7051 3733
9125 3733
17420 3733
19909 3733
20324 3733
20739 3733
21154 3733
22398 3733
24472 3733
24887 3733
25301 3733
26131 3733
26961 3733
27790 3733
829 3318
2488 3318
2903 3318
4977 3318
6636 3318
7051 3318
9540 3318
16591 3318
17006 3318
19909 3318
20324 3318
20739 3318
21983 3318
22398 3318
24057 3318
24472 3318
24887 3318
25301 3318
26131 3318
26961 3318
27790 3318
28205 3318
829 2903
1244 2903
2488 2903
2903 2903
3318 2903
4977 2903
6636 2903
7051 2903
7466 2903
9954 2903
16176 2903
19494 2903
19909 2903
20324 2903
20739 2903
21983 2903
24057 2903
24472 2903
24887 2903
26131 2903
26961 2903
28205 2903
0 2488
1244 2488
2903 2488
3318 2488
4977 2488
5392 2488
7051 2488
7466 2488
10369 2488
15761 2488
19494 2488
19909 2488
20324 2488
21568 2488
21983 2488
23642 2488
24057 2488
24472 2488
24887 2488
26961 2488
28205 2488
0 2073
414 2073
1659 2073
3318 2073
3733 2073
5392 2073
7051 2073
7466 2073
7880 2073
10784 2073
11199 2073
14932 2073
15347 2073
19080 2073
19494 2073
19909 2073
20324 2073
21568 2073
21983 2073
23642 2073
24057 2073
24472 2073
26546 2073
26961 2073
28205 2073
0 1659
414 1659
2073 1659
3733 1659
5392 1659
7051 1659
7466 1659
7880 1659
11613 1659
12028 1659
14517 1659
19080 1659
19494 1659
19909 1659
21154 1659
21568 1659
23227 1659
23642 1659
24057 1659
24472 1659
26546 1659
27790 1659
28205 1659
0 1244
414 1244
829 1244
3733 1244
5392 1244
5806 1244
7466 1244
7880 1244
8295 1244
12443 1244
13273 1244
13687 1244
14102 1244
18665 1244
19080 1244
19494 1244
19909 1244
21154 1244
21568 1244
23227 1244
23642 1244
24057 1244
26131 1244
26546 1244
27790 1244
0 829
414 829
829 829
1244 829
2488 829
4147 829
5806 829
7466 829
7880 829
8295 829
12858 829
18250 829
18665 829
19080 829
19494 829
20739 829
21154 829
22813 829
23227 829
23642 829
25716 829
26131 829
27375 829
27790 829
0 414
414 414
829 414
1244 414
1659 414
2903 414
4147 414
6221 414
7880 414
8295 414
8710 414
13273 414
18250 414
18665 414
19080 414
19494 414
20739 414
21154 414
22813 414
23227 414
25716 414
27375 414
27790 414
0 0
414 0
829 0
1244 0
1659 0
2073 0
3318 0
4562 0
6636 0
7051 0
8295 0
8710 0
13687 0
17835 0
18250 0
18665 0
19080 0
20324 0
20739 0
22398 0
22813 0
25301 0
25716 0
26961 0
27375 0
27790 0
